0.49954104878417543,-3.108624468950443e-15,5.551115123125783e-17,20.000000000000053,-8.995534952838865e-19,-4.8398151160590235
0.49954104878595107,1.8326683875041414e-10,-2.672983778762017e-10,19.02624650433392,1.8747618991114172e-08,-4.839815107696638
0.49954104880425193,9.153085755550053e-10,-1.6113593792610459e-09,18.05249301152598,6.851144318550484e-08,-4.8398150855185404
0.4995410489300193,3.6253320194836766e-09,-5.816587711482413e-09,17.07873952630322,2.0050486437269777e-07,-4.83981502668702
0.49954104971453084,1.6372248458883142e-08,-1.7617572622974365e-08,16.10498606121385,5.505921157089892e-07,-4.839814870604277
0.4995410543783374,8.078854841282658e-08,-4.957799326632539e-08,15.131232649567155,1.479060525136041e-06,-4.839814456522061
0.4995410808898052,3.9598441367678647e-07,-1.350211679684854e-07,14.157479379750113,3.940209390282585e-06,-4.83981335838799
0.49954122407841706,1.84053930886194e-06,-3.6221026666893863e-07,13.18372648605397,1.0455169079951517e-05,-4.839810449197426
0.4995419535531511,7.97345318385407e-06,-9.642362228667878e-07,12.209974588118406,2.7651030457690145e-05,-4.839802759283343
0.4995454373651234,3.196274854091091e-05,-2.5532557069718465e-06,11.236225317715476,7.279447106164373e-05,-4.83978251705939
0.49956095753744867,0.00011808910953607361,-6.721835621364969e-06,10.262482940466283,0.0001902344206132988,-4.839729610220095
0.49962520203392147,0.0004010350244497569,-1.7552213602584077e-05,9.288758478056405,0.0004914656230385514,-4.839592859576102
0.49987153309429344,0.0012494901123446226,-4.52850029914742e-05,8.315079924871755,0.0012485165954485315,-4.839245096738655
0.5007442251394811,0.003566940064474708,-0.00011486463511264922,7.34151672091468,0.003099395448841561,-4.838380235621539
0.5035951599534654,0.009322999190122461,-0.0002847927125072258,6.368235854988903,0.0074681461949959215,-4.836290855744292
0.5121693427718519,0.02230844696641777,-0.0006860403301341411,5.395623626110515,0.01734875522897458,-4.83142161725549
0.5358781563163032,0.048900846815549015,-0.0015961708869552393,4.424532836419143,0.038609133613341964,-4.820551382021791
0.5960904960003977,0.09834532975424833,-0.0035676085943292524,3.4567457746583385,0.08185410208726165,-4.79746183421345
0.7364249014795787,0.1819022954229919,-0.007625127076339083,2.4957606942730344,0.1645430073962155,-4.751091926974616
1.0363930338043115,0.31044393546228116,-0.015527620549367738,1.547975190567016,0.3124654261354449,-4.663556569848198
1.6241853467965488,0.49074068817612915,-0.030047348936294405,0.6242027262817957,0.5590460649350713,-4.50902703919369
2.679753890976487,0.7214903596120008,-0.05516299609485237,-0.25880849274298096,0.9407995830785395,-4.255066681151422
4.416777842733311,0.9906899849590858,-0.09601875508288998,-1.0775208624103454,1.4882222408711838,-3.867995887517835
7.036113499129749,1.275901153572868,-0.1585136541740138,-1.8022938986334456,2.2136732622664472,-3.3225869775098342
10.656197788812232,1.548150243064892,-0.24848608313510306,-2.4003030935933185,3.100503903266057,-2.6138556218703375
15.243259801928238,1.7787596122216298,-0.37063274671582436,-2.84064886872529,4.099006816398756,-1.7661253121099143
20.574892794247617,1.946894221810642,-0.5274702724130105,-3.1005297857461827,5.133036273621471,-0.8339570959474693
26.263413348905395,2.044908792761045,-0.7187037274139716,-3.1704949458329352,6.1165200471870955,0.10767024029711686
31.83973752708166,2.0793126757058187,-0.9412473962695558,-3.056785050270795,6.973977134754862,0.9813207795407674
36.86788335178608,2.067111053271677,-1.1898911987378151,-2.7798053561086835,7.656834426386487,1.7261136323319146
41.04428743041903,2.029365979887693,-1.4583511013848347,-2.369347372655122,8.149376660187562,2.31007834091402
44.24538193002972,1.9848411584146048,-1.74031529977724,-1.8584050933901273,8.463142495450587,2.7318463022741954
46.514363549433185,1.9460605879628257,-2.0301447142806355,-1.2776754479054673,8.623260540044914,3.013085545347595
48.00555941649765,1.918546552937663,-2.3230483721297284,-0.6521164985571098,8.65218447067534,3.186748594895362
48.917108266526384,1.9024619418274424,-2.614733094355282,0.00016739276196817967,8.555598045626333,3.2864404115567813
49.437358419891694,1.895165365508729,-2.900663087681395,0.667300221120169,8.313806439042267,3.339902264270362
49.71583664431078,1.8933996641133533,-3.1751636529343186,1.3421631015525506,7.881258684297618,3.3668439382182265
49.85638343411359,1.8945316648728652,-3.4306892170400247,2.0208201344844414,7.196527614703952,3.3796915042675995
49.923673805954834,1.8969065828594278,-3.6576276474536633,2.701245927670493,6.203122996424466,3.3855349285910066
49.95444413310945,1.8996887229272188,-3.844947331737261,3.38246130594485,4.876731550554767,3.3880918534723063
49.96797815316853,1.9025493477926105,-3.9817379143857776,4.064017190387875,3.2487341099152074,3.389178065109016
49.973741049760875,1.9054051464057706,-4.059295489562899,4.745716233502315,1.4137409544011343,3.389630237384695
49.97612618634936,1.9082626363869384,-4.073057076314994,5.427474515045586,-0.48593001668982394,3.389816529080415
49.97708355178299,1.9111473804558043,-4.023637721758318,6.109257183189399,-2.2948495021993405,3.389893421734724
49.97744990545716,1.9140804288061126,-3.9165564489515683,6.7910499870561365,-3.883931513539161,3.3899258142239974
49.97757597090348,1.9170745086858834,-3.7607912372194097,7.472847148064713,-5.178179966876029,3.389940187415435
49.97760654249293,1.9201359948494772,-3.5667618107362684,8.154646325435593,-6.1632164917042545,3.3899472358294473
49.977600753797645,1.9232674157093141,-3.344460702880753,8.836446561802848,-6.872342251222286,3.3899512523987076
49.977582426956765,1.9264692099386533,-3.1022304132802265,9.518247454104614,-7.363977469227373,3.38995395714317
49.977560890694605,1.929740748845822,-2.8463102247565457,10.200048821661971,-7.700391848947258,3.3899560436156637
49.97753956705292,1.9330808825567458,-2.5809751197893873,10.881850574268723,-7.934211233938459,3.3899577987609124
49.977519519102955,1.936488218069178,-2.308973215155232,11.563652660097398,-8.103536920221075,3.3899593491465945
49.97750091230878,1.9399612555762722,-2.0320121463199183,12.245455045123478,-8.232970085072491,3.3899607575716617
49.977483605941586,1.9434984527020924,-1.7511567678789617,12.927257704827353,-8.33712616273675,3.3899620604325684
49.97746738244107,1.94709825348666,-1.4671008710913667,13.609060620618996,-8.424248816742463,3.3899632820569208
49.97745202918583,1.9507591009894985,-1.180331694800849,14.29086377808094,-8.49889256105062,3.3899644402943125
49.9774373628872,1.9544794427850856,-0.8912227354878128,14.97266716593976,-8.563559676479542,3.389965548861577
49.977423233663366,1.958257733687962,-0.6000863355607093,15.654470775362979,-8.619537244223872,3.389966618482503
49.9774095235132,1.9620924377082836,-0.3072084796220712,16.336274599427977,-8.667180817824576,3.3899676575436026
49.977396144994586,1.9659820302608035,-0.012882326873504546,17.018078632694653,-8.705745511166022,3.3899686725009097
49.97738304254616,1.969925001284556,0.28254337775125116,17.699882870839307,-8.732704160871913,3.389969668096889
49.97737019739038,1.9739198597106256,0.5785807936777292,18.38168731031104,-8.742398748038982,3.3899706473862476
49.97735763558389,1.9779651392321445,0.874459554996342,19.06349194797049,-8.723937083671114,3.3899716115621663
49.97734543690105,1.9820594045198014,1.1689008675315908,19.745296780671715,-8.658574997997412,3.3899725596069614
49.977333740118056,1.98620125604586,1.4598055764716218,20.42710180476049,-8.517442159115964,3.389973487859255
49.97732273898733,1.9903893309679723,1.7438954326985705,21.108907015490754,-8.261182758151755,3.389974389675071
49.977312664149686,1.9946222976617003,2.016408189290518,21.790712406405515,-7.84339934776854,3.3899752554220646
49.97730375016263,1.998898843084103,2.2710020049967254,22.472517968777648,-7.219094359700487,3.3899760730322233
49.977296192851846,2.0032176549185894,2.5000317021514884,23.154323691240183,-6.357333359019599,3.389976829215351
49.97729010771872,2.0075774032016556,2.695283418332072,23.83612955973299,-5.254695548688889,3.3899775112211836
49.97728550205021,2.011976727358269,2.849097374027621,24.517935557842538,-3.944197273689676,3.3899781088095096
49.97728226999713,2.0164142333336885,2.9556282059518777,25.199741667523252,-2.4948386455173726,3.389978615951462
49.977280212303164,2.020888502092708,3.0118815205842155,25.88154787009132,-1.0001768467585788,3.3899790318180756
49.977279074025056,2.0253981067691473,3.018198443769951,26.56335414731182,0.44098711194838525,3.389979360813338
49.977278588316636,2.0299416330536593,2.978039123439162,27.245160482382666,1.7451487671475914,3.3899796116952143
49.97727851416955,2.034517697110915,2.8971607127078083,27.926966860659203,2.858810971210608,3.3899797960794373
49.97727866021688,2.0391249571740904,2.7824778902980594,28.608773270040693,3.7632364863780006,3.389979926743624
49.97727889270688,2.0437621177935483,2.6409513202542736,29.290579701025,4.46954805639654,3.389980016119184
49.97727913074794,2.0484279281128304,2.478767351701168,29.972386146502213,5.007972379005934,3.3899800752188542
49.9772793343431,2.053121176734221,2.3009152964890873,30.654192601388516,5.416091218586299,3.3899801130745395
49.9772794905713,2.057840685682022,2.11112095564065,31.335999062199434,5.729757503226424,3.3899801366202134
49.977279601563964,2.0625853051668006,1.9120119066111885,32.017805526638035,5.9781168899068895,3.3899801508806737
49.97727967588376,2.0673539098879794,1.705379482292812,32.699611993243046,6.18227391240115,3.3899801593166035
49.97727972334802,2.0721453968798595,1.4924386056364218,33.38141846111387,6.356221875062262,3.389980164206906
49.97727975252154,2.076958684528954,1.274035897839179,34.06322492971079,6.5086455918157515,3.3899801669944347
49.97727976990657,2.0817927123153135,1.0507957574396212,34.74503139871799,6.644663064804801,3.38998016856214
49.977279780015074,2.08664644090065,0.8232160117202254,35.42683786795435,6.767073839480982,3.389980169434917
49.97727978578214,2.0915188523246346,0.591732561660815,36.108644337317614,6.877010513902655,3.3899801699173806
49.97727978902653,2.0964089501851566,0.3567729361877524,36.79045080675077,6.9740234842481374,3.3899801701829255
49.97727979083412,2.101315759747144,0.11881709231090976,37.47225727622229,7.055648570457906,3.389980170328782
49.977279791835116,2.106238327975551,-0.12151794435692631,38.15406374571487,7.116514257998682,3.3899801704088848
49.977279792387776,2.111175723501492,-0.3633561069204928,38.835870215218996,7.147118601457136,3.389980170452932
49.977279792692684,2.116127036532162,-0.6053970104899459,39.51767668472948,7.132578259350823,3.389980170477209
49.97727979286108,2.121091378722012,-0.8457162537620351,40.19948315424348,7.051888630133542,3.3899801704906287
49.9772797929543,2.1260678830108146,-1.081562524146944,40.88128962375941,6.8784193125539295,3.389980170498072
49.97727979300607,2.131055703435443,-1.3092075530477894,41.563096093276414,6.582332408125133,3.3899801705022163
49.97727979303492,2.136054014924118,-1.523921637487762,42.24490256279403,6.135208123068654,3.389980170504532
49.97727979305105,2.1410620130706866,-1.7201429070319993,42.926709032311976,5.5163931955277885,3.3899801705058317
49.97727979306009,2.146078913895411,-1.8918740994785561,43.60851550183011,4.719681209543272,3.389980170506563
49.97727979306518,2.151103953592888,-2.0332794614273144,44.29032197134835,3.758305982452881,3.3899801705069788
49.97727979306806,2.156136388266806,-2.139384510038856,44.97212844086667,2.666293059227028,3.389980170507216
49.977279793069656,2.161175493657791,-2.2067304439460567,45.653934910385004,1.4951228687171514,3.389980170507352
49.97727979307055,2.1662205648591293,-2.2338277862319895,46.33574137990337,0.3061475733300424,3.3899801705074317
49.97727979307104,2.171270916026048,-2.2212988428600773,47.01754784942173,-0.8393335305237969,3.3899801705074797
49.97727979307128,2.176325880077754,-2.171681684405132,47.69935431894012,-1.8896456568512292,3.3899801705075054
49.977279793071396,2.181384808393417,-2.0889586249331584,48.3811607884585,-2.8094879502398875,3.3899801705074823
49.977279793071425,2.1864470705033705,-1.9779364218015338,49.06296725797685,-3.582487925679199,3.389980170507169
49.9772797930714,2.1915120537741544,-1.843623676601023,49.74477372749499,-4.209627914401726,3.3899801705049093
49.97727979307133,2.196579163093419,-1.6907238651709862,50.426580197011674,-4.704781967199706,3.3899801704903965
49.97727979307125,2.2016478205486303,-1.5233079021585478,51.10838666651951,-5.089115411777551,3.3899801704047583
49.977279793071126,2.206717465105183,-1.3446722310436696,51.79019313597798,-5.385923957882775,3.3899801699387595
49.97727979307099,2.211787552282652,-1.157346149127512,52.471999605181985,-5.616878298279591,3.3899801675992025
49.97727979307083,2.2168575538303585,-0.963193350788539,53.15380607317474,-5.799940108057841,3.3899801567576002
49.97727979307064,2.2219269574009886,-0.7635548687918009,53.83561253584196,-5.948689324273242,3.389980110359182
49.97727979307044,2.2269952662273873,-0.5593952661625834,54.51741897686627,-6.072552181802067,3.3899799268470026
49.97727979307022,2.2320619987969006,-0.351432116914145,55.19922533652867,-6.177407582800633,3.38997925552029
49.97727979306994,2.237126688528598,-0.1402443445578252,55.88103141301208,-6.266174294846743,3.3899769819435566
49.97727979306964,2.2421888834499817,0.07363478863884909,56.56283657611296,-6.339147235371668,3.3899698463517964
49.9772797930693,2.247248145878678,0.28962949755406675,57.24463900614298,-6.394003365468549,3.3899490699622152
49.977279793068924,2.2523040521033018,0.5070274571784268,57.92643384083378,-6.42552353280876,3.3898928820199856
49.9772797930685,2.257356192068233,0.7248731005005442,58.60820904767821,-6.425183285194004,3.3897515618842573
49.977279793068035,2.262404169060983,0.9418484985928273,59.28993702623126,-6.3808566512783225,3.3894205418890686
49.977279793067545,2.267447599402554,1.1561517569250592,59.971559040379326,-6.276936933401822,3.3886973603624244
49.97727979306702,2.2724861121411717,1.3653933764174764,60.6529590175215,-6.095174347157724,3.387221328387908
49.97727979306649,2.2775193487495224,1.566539446151025,61.33392374350117,-5.8164264975735565,3.38440179003078
49.97727979306594,2.282546962825755,1.7559331088323717,62.014088791370504,-5.423302320940397,3.3793511494856543
49.97727979306541,2.287568619798706,1.929419211204066,62.69287396106884,-4.903387334777929,3.3708488575296007
49.97727979306488,2.29258399663557,2.082580381806109,63.36941786717973,-4.252452292542513,3.3573662825330626
49.977279793064405,2.297592781556981,2.2110684836408945,64.04252663879852,-3.4768805862069847,3.337174109835699
49.97727979306397,2.302594673753343,2.3109895847673334,64.71065380957037,-2.5945957790773395,3.308532306617489
49.97727979306359,2.3075893831071053,2.379281339339531,65.37192523355263,-1.6340564155303436,3.2699336841734516
49.977279793063275,2.312576629919299,2.4140160752115416,66.02421405650348,-0.6313452958491559,3.2203475755897397
49.97727979306302,2.317556144640695,2.414574115694419,66.66525874637209,0.37412749690169056,3.1594022709919583
49.977279793062834,2.3225276676076323,2.381657574084265,67.29280607277374,1.3444294488085913,3.0874590086663205
49.977279793062706,2.327490948782581,2.317147810179807,67.90475477446385,2.247433913062491,3.005561526710766
49.977279793062635,2.332445747499487,2.223840445917989,68.49927651572955,3.059860489853345,2.9152805098403816
49.9772797930626,2.3373918322139073,2.1051120571762802,69.07489779995451,3.7685941453605416,2.818497792775536
49.977279793062614,2.342328980257959,1.9645781517274898,69.63053674775648,4.3702950069958115,2.7171828926576684
49.97727979306266,2.347256977600492,1.805793540489375,70.16549840319054,4.869681307875545,2.6132050511825584
49.97727979306271,2.3521756186105476,1.6320284091914505,70.67943881501029,5.277069891897493,2.5082047462235373
49.97727979306279,2.3570847058276065,1.4461327167195268,71.1723106132044,5.605770556131677,2.403528578006153
49.97727979306286,2.361984049736348,1.2504837357950174,71.64430180484437,5.869794712749712,2.3002170135599638
49.97727979306295,2.366873468544762,1.0470001046297672,72.0957765117604,6.082131580206978,2.199027916263831
49.977279793063026,2.3717527879681994,0.8372014827966188,72.52722285186184,6.253642223116168,2.1004788447449383
49.9772797930631,2.3766218410178364,0.6222944747974426,72.93921014358716,6.392475094496911,2.0048949445027575
49.97727979306316,2.3814804677938026,0.40327046925001797,73.33235552633718,6.503836422072185,1.9124541644883457
49.977279793063225,2.38632851528295,0.18100690127082586,73.70729893551268,6.589948707787536,1.8232257804001695
49.977279793063275,2.391165837161147,-0.04363180310906811,74.06468492237684,6.650079857403699,1.7372011220763468
49.97727979306331,2.395992293600142,-0.2696948529348375,74.40514979348441,6.680598871591364,1.654317022516074
49.977279793063346,2.400807751078842,-0.49604863967059254,74.72931273899661,6.67508842996565,1.5744731816584012
49.97727979306338,2.4056120821993923,-0.7212868586238694,75.03776987912812,6.624600966884191,1.4975447547339449
49.9772797930634,2.410405165505744,-0.943654418501136,75.33109040670695,6.518168327188015,1.4233913264423952
49.97727979306343,2.4151868853100162,-1.1609958429829086,75.60981421054409,6.343656741281765,1.351863197516999
49.977279793063445,2.4199571315196744,-1.37074081018473,75.87445052327806,6.0889977494167375,1.282805678967254
49.977279793063474,2.424715799470444,-1.569938587796351,76.12547725394627,5.743731805966494,1.2160618959947287
49.97727979306349,2.429462789762981,-1.755348711382348,76.36334074846525,5.300696098068666,1.1514744550304588
49.9772797930635,2.434198008103528,-1.9235875526014181,76.58845577906409,4.7576011812173515,1.0888862191335622
49.97727979306353,2.4389213651484245,-2.0713207097507516,76.8012056038025,4.118202246592662,1.0281403620013634
49.977279793063545,2.4436327763524903,-2.1954815448821288,77.00194196552992,3.392800388945911,0.9690798226380448
49.97727979306356,2.448332161821112,-2.293489128240447,77.19098492078132,2.5979091546905924,0.9115462561311629
49.97727979306358,2.4530194461659978,-2.363436379194451,77.36862240700538,1.7550725995187397,0.8553785667956314
49.97727979306359,2.4576945583645236,-2.4042223095415896,77.53510947427719,0.8889866998081772,0.8004111147122039
49.9772797930636,2.4623574316225696,-2.415610559880306,77.6906671276833,0.02521358633469495,0.7464717020300723
49.97727979306363,2.467008003241149,-2.3982081115729685,77.83548075056694,-0.812147750404733,0.6933794673713911
49.97727979306364,2.471646214484599,-2.353370554661744,77.96969810759644,-1.6024770157244999,0.6409428408066546
49.97727979306366,2.4762720104554536,-2.2830509054321024,78.09342696007204,-2.330058238852562,0.5889577337652732
49.97727979306367,2.480885339969229,-2.1896156539578557,78.20673236307563,-2.984769459191162,0.5372061536903867
49.97727979306367,2.485486155433852,-2.0756535721106717,78.3096337531312,-3.5620337876304795,0.48545543762517646
49.977279793063694,2.4900744127318886,-1.9438001491647103,78.40210197343119,-4.062151029107449,0.4334582899151534
49.97727979306371,2.4946500711056587,-1.7965946351362492,78.48405641823285,-4.489205799573956,0.38095378218718595
49.977279793063715,2.4992130930452596,-1.6363793236355906,78.55536250506275,-4.849771725970077,0.32766943101196827
49.97727979306372,2.5037634441793974,-1.4652435972890152,78.61582970066968,-5.151608762885426,0.27332441737037655
49.97727979306373,2.5083010931689396,-1.2850096220938547,78.66521033182954,-5.402498603907387,0.21763394309609008
49.97727979306374,2.5128260116031216,-1.0972529853795243,78.70319940176137,-5.609301440051233,0.16031463856674388
49.977279793063744,2.517338173898336,-0.9033499676826489,78.72943560606132,-5.777262918399912,0.10109085996474963
49.977279793063744,2.5218375571994485,-0.7045430191956216,78.74350370387984,-5.909563563397938,0.03970167547229081
49.977279793063744,2.526324141283864,-0.5020166823839904,78.7449383525519,-6.007087064567639,-0.02409173752693011
49.97727979306375,2.5307979084667167,-0.2969770184076761,78.7332294445522,-6.068385140177143,-0.09049866974261095
49.97727979306376,2.535258843509898,-0.09072813270942026,78.70782891217645,-6.089827404589846,-0.1596917344336718
49.97727979306376,2.539706933533322,0.115260464186701,78.66815891370115,-6.0659356082974085,-0.2318002508373313
49.97727979306376,2.544142167926925,0.31930200484713367,78.61362125032407,-5.989904776001676,-0.3069045802904458
49.97727979306376,2.5485645382659072,0.5194623848768136,78.5436077675668,-5.8543044026167,-0.3850318598227014
49.977279793063744,2.5529740382277617,0.7135574275151727,78.45751144438597,-5.65193074534903,-0.46615312748756516
49.97727979306374,2.5573706635112994,0.8991814159683139,78.35473791219943,-5.376750758298648,-0.5501816671876868
49.97727979306373,2.561754411757622,1.07376808906645,78.23471710867948,-5.0248472822922094,-0.6369732159397844
49.97727979306372,2.5661252824729863,1.2346816837311487,78.09691462242704,-4.595253113026288,-0.7263284847089633
49.9772797930637,2.57048327695349,1.3793316077423499,77.94084235062111,-4.090556765241927,-0.8179968502016881
49.977279793063694,2.5748283982115723,1.5053006432976788,77.76606835303869,-3.517179779559311,-0.9116803994897793
49.97727979306368,2.5791606509042295,1.610473966789834,77.57222573390796,-2.8852637520165594,-1.0070397635356134
49.97727979306366,2.5834800412629293,1.6931553328794233,77.35902004243448,-2.2081589615526327,-1.1037027552288565
49.977279793063644,2.587786577025185,1.7521578186882185,77.12623483300601,-1.501565431820123,-1.2012730596444268
49.97727979306364,2.5920802673677192,1.7868594720855455,76.87373570890703,-0.7824296917009931,-1.299336349582173
49.97727979306363,2.596361122841195,1.797218588016145,76.6014731888496,-0.06773585103275648,-1.3974668452535792
49.9772797930636,2.6006291553064758,1.7837484004129192,76.30948388207429,0.6266587890769917,-1.495237990995041
49.977279793063595,2.6048843778727298,1.7474558672314477,75.99788934473013,1.2870068103436698,-1.5922335905147955
49.977279793063545,2.609126804835279,1.68975316532681,75.66689319617822,1.9023700296512667,-1.6880529733400698
49.977279793063445,2.6133564516182095,1.6123529597732775,75.31677772210936,2.464979927179607,-1.7823121602298027
49.97727979306323,2.6175733347152645,1.51715925175917,74.94789998208364,2.9702541577703934,-1.8746495148775173
49.977279793062706,2.62177747163392,1.4061647492689753,74.56068620872226,3.416508280343435,-1.9647367225160988
49.977279793061484,2.6259688808412567,1.2813636090524927,74.15562423094907,3.80443345364015,-2.052285409038033
49.97727979305875,2.6301475817133104,1.1446855692062972,73.73325551127023,4.136427141312241,-2.137043935410875
49.97727979305305,2.6343135944915796,0.9979544448590296,73.29416824867647,4.4158655899978285,-2.2187921880727934
49.977279793042605,2.6384669402576963,0.8428711218098833,72.83899093028666,4.646397365907325,-2.2973442696744057
49.97727979302888,2.642607640950128,0.6810188331130875,72.36838472746963,4.831321187959489,-2.3725565418922505
49.97727979303336,2.6467357194989205,0.5138867614454143,71.88303465583354,4.973093158626832,-2.4443297593868825
49.977279793163234,2.6508512002482094,0.3429068675765441,71.38364125478626,5.072991535488388,-2.5126013087087555
49.97727979384113,2.6549541100979646,0.16949822096207323,70.87091416070975,5.1309529660738145,-2.577335908612619
49.97727979655559,2.659044481351425,-0.004887094598474917,70.34556697288647,5.145582583271902,-2.6385238052416287
49.97727980617894,2.6631223584278914,-0.17872227883784442,69.80831186022392,5.114330458825127,-2.696184978592606
49.977279837775704,2.6671878128608735,-0.35037361998491345,69.25985344469296,5.03381732970358,-2.750370621934195
49.97727993565837,2.671240974969277,-0.5180822979605133,68.700883030999,4.900282422338927,-2.8011573050306113
49.977280224199546,2.675282096783037,-0.6799635087836753,68.13207438313262,4.7101157105839615,-2.848637967351061
49.97728103677891,2.679311669073906,-0.8340247182952831,67.55408106813199,4.460427171149101,-2.892916487760476
49.977283226756384,2.6833306239283794,-0.9782030575450228,66.96753441397323,4.149598397850454,-2.934107519691346
49.97728887897997,2.6873406587973383,-1.1104199318785506,66.37304132353266,3.77775937667509,-2.9723376540072044
49.97730285157736,2.6913447106964767,-1.2286490309825864,65.77118207881158,3.3471369889012763,-3.007743622869593
49.97733593437758,2.6953475798496744,-1.3309923348009294,65.1625088209691,2.8622326343452973,-3.0404670730706798
49.977410953648686,2.6993566429924583,-1.4157576424776823,64.5475451933511,2.329803682149693,-3.0706484973720283
49.97757388093825,2.7033825212755005,-1.4815307887317868,63.92678712014487,1.7586453271661495,-3.0984225047546357
49.97791281549154,2.7074395253877386,-1.5272361417247446,63.300704468898594,1.1591928233682156,-3.1239141157751145
49.978588343918375,2.7115457613115943,-1.552180167787867,62.669743574403476,0.5429854066679269,-3.147234048156652
49.97987878761921,2.715723028558463,-1.5560746504024803,62.03433099665243,-0.07795089065718419,-3.16847127535537
49.982242645502744,2.7199971472991242,-1.5390383153513425,61.394879092442416,-0.6917364024514111,-3.187682701314955
49.986397597390734,2.724400026415818,-1.5015778388296637,60.7517938732054,-1.28722295808696,-3.2048811900600787
49.993410584581774,2.728975092013167,-1.4445511988709794,60.10548529309769,-1.8544765983382334,-3.2200238058990864
50.00478725847698,2.733785875877133,-1.3691178247841622,59.456379700000426,-2.385119616899919,-3.2330022414374047
50.022542896236786,2.7389198568972803,-1.2766808502636038,58.804933750300755,-2.872513270655194,-3.243637501710163
50.04923284678345,2.7444685701048472,-1.1688269413829913,58.15164864244896,-3.311782284742286,-3.2516810612033185
50.08792092081109,2.750481290827821,-1.0472687147174742,57.497083091577586,-3.6996993405451173,-3.2568245558560314
50.1420703022515,2.756931043265814,-0.9137938262566224,56.84186314565882,-4.0344601165898215,-3.258719282358385
50.2153533108757,2.763709618676751,-0.7702235817176639,56.18668686900477,-4.315386369866335,-3.257005260523129
50.31139146924731,2.77063188933999,-0.6183825775384577,55.53232219651525,-4.542596292701601,-3.251347752246571
50.433452078606535,2.7774449848116505,-0.4600795847692838,54.87959690512123,-4.716678979583346,-3.241477407948096
50.58413781987106,2.7838447780943625,-0.2970987474906641,54.22938056373351,-4.838404584480652,-3.2272291669720548
50.76510885469485,2.7894982064171634,-0.13119925214321015,53.582559344390326,-4.908494820364361,-3.2085748701039565
50.9768718526233,2.7940717374895616,0.035879030407156565,52.940005520127535,-4.927470696600592,-3.185645262129703
51.21865913200556,2.797268436345883,0.20240680791937438,52.3025441943626,-4.895586315400054,-3.1587383638064948
51.4884071812878,2.798873382627117,0.3666565154204523,51.67092022265774,-4.812849464260038,-3.12831274144129
51.782830985721404,2.7987966116003427,0.5268961625744236,51.04576839949538,-4.679121939359058,-3.094965636621534
52.097581392924006,2.7970960679833414,0.681388274527852,50.4275898357006,-4.494285416883827,-3.059397072174051
52.42746776135849,2.793973780817638,0.828395686957609,49.816737109378785,-4.258452777183861,-3.0223619380086895
52.76672605714545,2.7897507397683716,0.9661951606217811,49.2134102654264,-3.97220062028768,-2.984612876058123
53.109311419708916,2.784822745590246,1.0930988944166145,48.617665053427146,-3.6367966977795985,-2.946837772902871
53.44919299665185,2.7796024016034275,1.2074831183787502,48.02943387707223,-3.254396301500068,-2.9095969299535964
53.78062871579949,2.7744737770605155,1.3078221197663598,47.44855873788461,-2.828184277358954,-2.873266375488563
54.09840158897754,2.769795723449544,1.3927253736003244,46.87483401479802,-2.3624442263257137,-2.837994828040328
54.3980094560742,2.765955959869096,1.4609749896381317,46.308055373608894,-1.8625436677590543,-2.8036819151435544
54.67581499043165,2.7633794148583286,1.5115605269367767,45.74806970888349,-1.3348334806752749,-2.769983852221774
54.92917474272786,2.7624818153147612,1.543708431598038,45.19482011248896,-0.7864712457923096,-2.7363498065208076
55.156564780209536,2.7635429595597687,1.556903948834767,44.64837972183663,-0.22518943607442338,-2.7020879836259684
55.357700904807956,2.7666043312900213,1.5509042878771604,44.10896908083556,0.34096226360501625,-2.6664558596150356
55.53362067074674,2.7715656208398776,1.525742906036017,43.57695333067254,0.9038691403466623,-2.6287647046490994
55.686671576202464,2.778195880866444,1.481725769541458,43.05281797718686,1.4555725544802645,-2.5884852360716586
55.82035483063781,2.786023435071332,1.419421091154237,42.53712489306315,1.9884464565866768,-2.5453393687591097
55.939012220100096,2.7944019095756305,1.3396442042737555,42.03045324765973,2.4953296265119302,-2.499363173669058
56.04739774007329,2.8026195748846847,1.2434389622316993,41.53333274093765,2.9696241170796673,-2.450928916789077
56.150215451204815,2.8100957254642274,1.132056555409017,41.04617829001404,3.4053737653101788,-2.4007196987903567
56.25170757473462,2.81653061939488,1.0069321632284387,40.56923566812708,3.7973337439764663,-2.3496580304200947
56.35534368594457,2.8218730176591045,0.8696595707520519,40.1025462974211,4.141036066502847,-2.298797811893346
56.46361753474238,2.8261707456351557,0.7219638286909804,39.64593666627377,4.432849736432255,-2.249195358247327
56.57793108424551,2.8294531361362205,0.5656721923794429,39.19903427351251,4.670029030112222,-2.2017780260330984
56.698547122247156,2.8317253933959927,0.40268389400152915,38.7613082457439,4.850739308136879,-2.1572291427461248
56.8246101496691,2.833020313385161,0.23493972274294883,38.33212921909996,4.974047872930261,-2.1159067515573953
56.954247653915374,2.833428331040642,0.06439278152609407,37.91083989660073,5.03987047788305,-2.0778112776195012
57.08475729437984,2.8331770264120197,-0.10701805932746589,37.49682530252054,5.048874111111575,-2.0426112262242486
57.21286584112539,2.8327400837592824,-0.2773907900858188,37.08957117594886,5.002351177922051,-2.009723748685189
57.33502958875141,2.8327894552139696,-0.4448785209992874,36.68870139560746,4.902091616494676,-1.9784299549968913
57.447744076522504,2.8339782525001826,-0.6077038916092506,36.2939910184849,4.750279513136684,-1.947991294757466
57.5478386069965,2.836722993912349,-0.7641708479625096,35.905358649356614,4.549427317074475,-1.9177334387588538
57.632735005113396,2.8411239996310815,-0.9126750732046736,35.522847091693734,4.302341179380502,-1.8870814924175692
57.70064438635936,2.846979525588166,-1.0517138117516804,35.14660173880293,4.0120979643426296,-1.8555565215142564
57.75067073090931,2.85394232059861,-1.1798950902160699,34.77685184941309,3.682016764820398,-1.8227618912306456
57.7828037164354,2.8616142227433583,-1.295945942724681,34.41389373538449,3.315622810934425,-1.7883865903755107
57.797821083123196,2.869821036475133,-1.3987194473670856,34.05807109889308,2.9166172872452627,-1.752233320924117
57.79716340324768,2.878618286069936,-1.4872009597853906,33.70974857581308,2.4888701143258762,-1.714256445608843
57.78285692507151,2.888023212439805,-1.560514376802524,33.36927885680399,2.036440902421848,-1.674585230119444
57.757521231573804,2.8977982860328626,-1.617929161888629,33.036968118934496,1.563614598212238,-1.6335166288743546
57.72442229115356,2.9074374686758873,-1.658868211362276,32.713045875509145,1.0749266549950414,-1.5914803927434615
57.687466224765274,2.916353824912712,-1.6829158454831068,32.39764329143313,0.5751567018838402,-1.5489927789898956
57.651024881542355,2.924128568043572,-1.6898247973717573,32.09078056871996,0.06928727640803224,-1.506615066937917
57.61955497462281,2.930603043984351,-1.679521313482303,31.792361742509165,-0.4375565004863444,-1.464922616873635
57.59708138600368,2.9357938857050385,-1.652108197762453,31.502175227607918,-0.9401622804243976,-1.4244793374398608
57.586697547517055,2.939818459599645,-1.607866327863443,31.219899934512654,-1.4332652882790893,-1.3858088211321458
57.59024190847063,2.9429488461253155,-1.547255355957836,30.945118098372518,-1.9115663632096673,-1.349358110731849
57.608236771620106,2.945694103774483,-1.4709138302130378,30.67733582051929,-2.3697543293353442,-1.3154592997339956
57.6400675952149,2.948639492126524,-1.379658133777648,30.416010369669227,-2.802557343281256,-1.2843019209998778
57.68429681497713,2.9519075526816554,-1.274478977952791,30.160580517910933,-3.2048356644045697,-1.2559284732173388
57.73898594081422,2.9549308930959564,-1.1565341059420857,29.91049476709103,-3.5717095836111703,-1.2302532016150312
57.801942303538674,2.957129109602945,-1.0271363403920597,29.665234134468523,-3.8987043412001814,-1.2070876067256813
57.87087600672439,2.9585550864729724,-0.8877367588024508,29.424330491159886,-4.181894765943675,-1.1861515001329472
57.94350206992617,2.9598750771219002,-0.7399032477946151,29.18738447170856,-4.418039149294112,-1.1670656849354937
58.01762682205573,2.961811953733731,-0.5852949995563697,28.95408499929257,-4.604691630977129,-1.1493491827627107
58.09122686507196,2.964477728746666,-0.4256340382271627,28.72422634422322,-4.740270900133863,-1.1324523110518214
58.162498181517705,2.967378451630578,-0.26267582413418666,28.49771419169044,-4.824052433010347,-1.1158317970045097
58.22985070827371,2.9701020655417603,-0.09818201084241718,28.274554976378123,-4.856060775875843,-1.0990342918447507
58.291849178523194,2.972674044783557,0.06610133348747227,28.054831876449732,-4.836873870321223,-1.0817384077315806
58.347129204540934,2.975356968869743,0.22845795567093696,27.83867895648477,-4.7673963960825185,-1.0637320696325285
58.3943253338758,2.9783574040868603,0.3872085183832329,27.62626482061693,-4.648684103312658,-1.0448501103948185
58.43203416095941,2.981733076423195,0.5407136811666641,27.417788739080557,-4.481886364537735,-1.0249239979432683
58.45881718303199,2.9854986091512568,0.6873777816022913,27.213482727822868,-4.268324648992154,-1.0037786790469614
58.47323909279102,2.989826136276501,0.825657283014907,27.013610162694636,-4.009666056398379,-0.9812684401061433
58.47393676405397,2.9949357412687077,0.9540759559183444,26.818456594444136,-3.7081127273808487,-0.9573133181982545
58.45971286065463,3.00087280634078,1.07124585730783,26.62831612636184,-3.366526302433746,-0.9319032022153719
58.42964181877804,3.007513731843872,1.1758908461767015,26.443480385614436,-2.988439264375811,-0.9050677212644347
58.38317094698846,3.0147009241009126,1.2668685496007894,26.264234646675114,-2.577955216028946,-0.87683623533871
58.320202854297406,3.0223860742066497,1.3431875944978533,26.090860373622625,-2.1395858735155127,-0.8472135895003574
58.24115582370278,3.030605407646833,1.4040190444473304,25.923640081803228,-1.6780952290086741,-0.8161796195038542
58.14700636881712,3.0393124441142865,1.448703346671667,25.762860585261677,-1.1984123607024513,-0.7837052963044469
58.03931550577182,3.0482874014036687,1.4767556569291465,25.608812197020292,-0.7056386723760669,-0.7497787346873601
57.9202302424253,3.0571863539171447,1.4878725219056381,25.461781836843585,-0.20512994412642976,-0.7144408308731341
57.792445244989935,3.065655214530536,1.481941596995271,25.322038156484588,0.2974007451638375,-0.6778246288606251
57.65911455117645,3.0734348351208665,1.459054006149806,25.189809905726428,0.7958234921395525,-0.6401740546743582
57.52371714661588,3.080394416176407,1.4195169568496366,25.065265087837457,1.283626701135841,-0.6018123658212415
57.38989294060213,3.086488092876679,1.3638629569559029,24.94850215886772,1.754070504245798,-0.5630630278082382
57.2612681524424,3.0917189148881374,1.2928517899556338,24.839558463689837,2.200447365453131,-0.5241789972712948
57.14128084623218,3.0961457410644555,1.2074624314932856,24.738426490115476,2.6164025759943232,-0.48535292412815334
57.033007096871316,3.0998882797128138,1.108874210990553,24.645058182700566,2.996240850851337,-0.44682014881900645
56.93898879965943,3.103094497000524,0.9984391147290352,24.559345252891337,3.335145498371614,-0.40896657164333317
56.86108223817105,3.1058788495802387,0.8776490846297373,24.48108737729169,3.6292719285875394,-0.3723154788433789
56.800371812927004,3.1082804372880393,0.7481025010966397,24.40997943838542,3.8757317564869664,-0.3373552326639816
56.7571973100184,3.1102849109684287,0.6114726712263594,24.345641339710284,4.072523635009713,-0.30432352957225595
56.731300872271746,3.111895939588094,0.46947907384082654,24.287680443412782,4.218467730058958,-0.27313514557298535
56.722024773731206,3.113213864608798,0.32386065489718785,24.23574587208075,4.313168697524109,-0.24353674261930325
56.72844363301441,3.11445062356539,0.17635025179179875,24.18953688031698,4.356996230193688,-0.21536982567845542
56.74935605635448,3.115858200947213,0.02864991420824725,24.14876600409381,4.351056047775689,-0.18871008230182984
56.783181541961056,3.1176456476920533,-0.11759223978386846,24.11311870561994,4.297127627850603,-0.16374810643809307
56.8279116402294,3.119904732752794,-0.26080236420852176,24.082256466107786,4.197555092083926,-0.14050593737376288
56.88124368298856,3.12254690601262,-0.3994968475626255,24.05587313338452,4.055089457512921,-0.11863633014117175
56.94087688098701,3.125400128973867,-0.5322924934202905,24.033767349774926,3.8726998168431948,-0.09748466726790012
57.004796094342616,3.1284563171236632,-0.6579104919280736,24.015878749551717,3.6533973668073196,-0.07636804708925499
57.071349920420204,3.1319011319286023,-0.7751755410284252,24.002264820140137,3.400131214836149,-0.05484629128698176
57.13907194922898,3.1359368761893798,-0.8830132997083615,23.99304211349975,3.1157969288850773,-0.03277903896040346
57.20637870863014,3.140615682128808,-0.980450012200518,23.98833988104952,2.80334933676167,-0.01015042457788251
57.27135429777949,3.1457210019147306,-1.0666169947181952,23.98829851568324,2.4659610458740744,0.013173810675597752
57.33175061500851,3.1508671623260804,-1.14076031991679,23.9931064869046,2.107153066030977,0.03756097019119775
57.38517287906307,3.1558675814745447,-1.2022538888490912,24.00304091843838,1.7308519385155627,0.06352664155804288
57.4293049348656,3.160965467840366,-1.250613253213607,24.01847871418486,1.341373096367236,0.09153808520278406
57.462023143171265,3.1666300992188026,-1.285508037117427,24.03987077972352,0.9433578312715276,0.12186013974738863
57.48133355085668,3.1731803962209835,-1.3067717231718834,24.067698496590943,0.5416879395771367,0.1545415562256478
57.48518143173816,3.180693280357564,-1.3144080873513737,24.10244023687155,0.14138385743067447,0.18952596428104707
57.47126202056174,3.189159105605788,-1.3085936192930232,24.144564098329845,-0.252516136511271,0.2267922379856615
57.43696574972252,3.1985736658208093,-1.2896753711882925,24.19454321617786,-0.635088352540389,0.2664296268136298
57.379515498179,3.209034143897528,-1.2581642089779763,24.252876669181497,-1.0016479721768945,0.3086148169012876
57.29623832865901,3.2207089550448806,-1.2147241178578962,24.320099299615286,-1.347849304888991,0.35352745894794846
57.184834190028845,3.2337170755319065,-1.1601584241439595,24.39677457519841,-1.6697656564241212,0.40127178411302794
57.043517972718035,3.248103502209358,-1.0953933746763411,24.48347671907624,-1.9639646857531523,0.4518524170681978
56.87101120215945,3.26385582427635,-1.021459127864662,24.580773385612204,-2.22757977125391,0.5052043916154696
56.66646939254578,3.280901731294867,-0.9394687572734159,24.68921605507815,-2.458343906878785,0.5612387269933474
56.42946616932345,3.299105710257386,-0.8505974136892167,24.80933696062971,-2.654536450878461,0.6198632335597462
56.160093078937614,3.318242693535632,-0.7560651283927095,24.941646359023334,-2.814825729554643,0.6809701750216663
55.85912993909439,3.3380346897244584,-0.6571261908653028,25.086626138178026,-2.9380641880722767,0.744416121836208
55.52817765637771,3.358242731503617,-0.5550649177966598,25.244721746277335,-3.023158606210476,0.8100215191541256
55.16966639198629,3.3786886868706714,-0.4511931879549913,25.416336807941935,-3.069138867228164,0.8775852344683872
54.78673258490151,3.399181172890671,-0.346842064474838,25.601829669524253,-3.0754630638879394,0.9468768467239665
54.38303611393641,3.419473676324514,-0.24334068898593708,25.8015031770911,-3.042460693344254,1.0175779661569218
53.962612757256615,3.439318994098964,-0.14198089379895928,26.015578181821922,-2.9717087836978027,1.0891976496638596
53.52981692431894,3.458521677561818,-0.04397332380131891,26.24415273088706,-2.866132587333806,1.1610388454473335
53.08933271240222,3.4769332051420774,0.04959374407278849,26.487165516938077,-2.729740007027197,1.232282468117242
52.64616270742353,3.494414416311286,0.13778154519136487,26.744388407146122,-2.5670766200313637,1.3021713470170893
52.2054878023865,3.5108268015171364,0.21980799982806198,27.01545862256149,-2.382621186461627,1.3701794107108474
51.772353772011755,3.526072269670048,0.2950369001176716,27.299933307229104,-2.1803508500531676,1.4360320015786936
51.35126680782428,3.5401191743446048,0.36295715338649903,27.59732915914039,-1.963594461001466,1.499537595782712
50.945899275923296,3.5529908384678586,0.42316153774158516,27.907116373404175,-1.7351436787309644,1.5603382315788705
50.55911329412891,3.5647353744285453,0.4753316589355904,28.228668433449073,-1.4974996257111117,1.6177678497939754
50.19334037211968,3.575393606324913,0.519231596697006,28.56120464445982,-1.2531326380908787,1.6709480792160694
49.85107572685203,3.585014505294481,0.5547095676981284,28.903773316299795,-1.0046823759662507,1.7190851015772284
49.535057417678466,3.5937154028517466,0.5817052153873622,29.25530021863682,-0.755059615929389,1.7617835739026146
49.24781506885453,3.601716791137776,0.6002587286043796,29.614685507354643,-0.5074094606325512,1.7991776426860233
48.99071440918368,3.6093019884863304,0.6105163462384207,29.9809024967172,-0.26490190302892835,1.8318053181025165
48.76312378942241,3.6166849785906923,0.6127263443772251,30.353053599790833,-0.030382884407725255,1.860322599167344
48.56246281965143,3.623893466475098,0.6072226098486297,30.730368504627688,0.19396417252100764,1.8852430025836235
48.385417179797294,3.6308377885255263,0.5943996823880292,31.11216415610376,0.4067232459445831,1.9068431423421783
48.22973650745534,3.63744878319742,0.574690189505119,31.497802294737205,0.6069695198198074,1.9252463348016444
48.095400389306874,3.643749727957349,0.5485571243851097,31.886671553153448,0.7936984569861636,1.9405860647571997
47.98413406629061,3.6498264030787064,0.5165058778965422,32.27819881002233,0.9653031423921437,1.9531286439054094
47.89731721917103,3.6557495482955575,0.4791071641939394,32.6718759205385,1.1195122936551765,1.9632910894958198
47.833579908832206,3.6615483053264177,0.4370110677472199,33.067282594362645,1.2539606549243105,1.971564939448835
47.78785535660884,3.6672252162687315,0.39093402530544863,33.46409173498323,1.3671155224077183,1.978396089597941
47.75285368622578,3.672754202299432,0.3416167734395572,33.862052139670354,1.458938706888496,1.9840681155404618
47.722268277147116,3.6781233133640425,0.28977281800962085,34.26095028282694,1.5307315894027722,1.9886202831124433
47.693679364408005,3.6833888007194533,0.23605793453825408,34.66055864317775,1.5841299254952994,1.9918252004080557
47.66912214764526,3.6886924379450585,0.18108094993209956,35.06058446210815,1.6198532792989675,1.9932495783226236
47.65275626073158,3.694195143911725,0.12544906531486566,35.4606378184194,1.6370802565183344,1.9924030414160256
47.64704294449203,3.6999058216128615,0.0698156433359709,35.86023588421377,1.6339564326006188,1.9889373523470977
47.64992015802153,3.7056067328613236,0.014893857539707733,36.258847794420056,1.608969425594608,1.9828152325651376
47.65486848198927,3.711031174609644,-0.038579401636784194,36.65596569690594,1.5623074064316,1.974361827585031
47.65386771504135,3.716070613732957,-0.08991264482245165,37.05117284621746,1.4963163090846419,1.9641613316630915
47.64135118707402,3.7207891927810532,-0.1385241476020065,37.4441794365383,1.414783211957213,1.9528450065993312
47.61665131325499,3.7253978790879017,-0.1839680390040046,37.83481340179639,1.3215438818036045,1.9408822983658551
47.583467783040895,3.7302013894212362,-0.22591388460431372,38.22297754295709,1.2192994356024514,1.9284854103459539
47.546825738477665,3.7354294833761994,-0.26409951552367106,38.608600846962005,1.1092981016985606,1.9156642412853597
47.5095192243613,3.7410946012149684,-0.2982889628288131,38.99161011133164,0.9919039300831434,1.9023722792524986
47.470206362597494,3.746996487544749,-0.3282575183024714,39.37193029931011,0.8675038495040529,1.8886346119520834
47.424141751938286,3.7528829765677822,-0.3538036287436692,39.74950208631278,0.7370833085081232,1.8745802352085437
47.3658637312374,3.758624525117254,-0.37476968275526634,40.12429689953589,0.6021680582546096,1.8603818450135954
47.29207766416307,3.7642076731513914,-0.39105273080788816,40.496317035918786,0.46436593876282484,1.8461710304663912
47.20307367231283,3.7696631526881648,-0.4026000855948191,40.865582951153,0.32502175842927516,1.8320007419650255
47.10207582972471,3.775070835688187,-0.40940047330471563,41.232119776277514,0.18532448627913395,1.8178796520484115
46.99317729421645,3.7805355088784185,-0.4114856629805421,41.59595477867957,0.04676192355818923,1.8038499977064189
46.87920741405837,3.786105184564173,-0.4089475919142096,41.95712971981659,-0.08850809512153146,1.7900587441769207
46.76069446177049,3.791763048894816,-0.4019610386460535,42.31572343340672,-0.2177544907456198,1.7767828891582742
